n=7, seq=(6, 4, 4, 4, 3, 3, 2)
n=7, seq=(4, 3, 3, 3, 3, 3, 3)
n=7, seq=(5, 5, 5, 5, 5, 3, 2)
n=7, seq=(4, 4, 4, 4, 4, 4, 4)
n=7, seq=(5, 5, 5, 4, 4, 3, 2)
n=7, seq=(4, 4, 4, 3, 3, 3, 1)
n=7, seq=(6, 6, 6, 5, 5, 5, 5)
n=7, seq=(6, 5, 5, 5, 4, 4, 3)
n=7, seq=(4, 4, 4, 3, 3, 3, 3)
n=7, seq=(3, 3, 3, 3, 3, 3, 2)
n=7, seq=(5, 4, 4, 3, 3, 3, 2)
n=7, seq=(5, 5, 4, 4, 3, 3, 2)
n=7, seq=(4, 4, 4, 4, 3, 3, 2)
n=7, seq=(6, 6, 6, 6, 5, 5, 4)
n=7, seq=(5, 4, 3, 3, 3, 3, 3)
n=7, seq=(5, 5, 4, 4, 4, 3, 1)
n=7, seq=(5, 5, 5, 4, 4, 4, 1)
n=7, seq=(5, 5, 4, 4, 4, 4, 2)
n=7, seq=(5, 4, 4, 4, 4, 4, 3)
n=7, seq=(5, 5, 4, 4, 4, 3, 3)
n=7, seq=(6, 4, 4, 3, 3, 3, 3)
n=7, seq=(4, 4, 4, 4, 3, 2, 1)
n=7, seq=(5, 5, 5, 4, 4, 4, 3)
n=7, seq=(4, 4, 4, 4, 2, 2, 2)
n=7, seq=(6, 4, 4, 4, 4, 2, 2)
n=7, seq=(6, 5, 4, 4, 3, 3, 3)
n=7, seq=(5, 5, 5, 5, 5, 4, 1)
n=7, seq=(5, 5, 4, 4, 4, 2, 2)
n=7, seq=(6, 6, 4, 4, 4, 3, 3)
n=7, seq=(6, 4, 4, 4, 4, 4, 2)
n=7, seq=(6, 6, 5, 4, 4, 4, 3)
n=7, seq=(5, 4, 4, 4, 3, 3, 1)
n=7, seq=(6, 5, 5, 5, 5, 4, 2)
n=7, seq=(6, 4, 4, 4, 4, 3, 3)
n=7, seq=(5, 4, 4, 4, 3, 2, 2)
n=7, seq=(6, 6, 4, 4, 4, 4, 4)
n=7, seq=(6, 5, 5, 4, 4, 4, 2)
n=7, seq=(4, 4, 4, 4, 4, 1, 1)
n=7, seq=(6, 6, 6, 6, 6, 5, 5)
n=7, seq=(5, 5, 4, 4, 4, 4, 4)
n=7, seq=(5, 4, 4, 4, 3, 3, 3)
n=7, seq=(5, 5, 5, 4, 3, 3, 3)
n=7, seq=(4, 4, 4, 4, 4, 3, 1)
n=7, seq=(5, 5, 5, 5, 4, 4, 2)
n=7, seq=(6, 6, 5, 5, 4, 4, 4)
n=7, seq=(6, 6, 5, 5, 5, 5, 2)
n=7, seq=(5, 5, 4, 3, 3, 3, 3)
n=7, seq=(4, 4, 4, 4, 4, 2, 2)
n=7, seq=(6, 6, 6, 5, 5, 5, 3)
n=7, seq=(4, 4, 4, 4, 4, 3, 3)
n=7, seq=(5, 5, 5, 5, 4, 4, 4)
n=7, seq=(6, 6, 6, 5, 5, 4, 4)
n=7, seq=(6, 6, 6, 4, 4, 4, 4)
n=7, seq=(6, 3, 3, 3, 3, 3, 3)
n=7, seq=(3, 3, 3, 3, 2, 2, 2)
n=7, seq=(6, 6, 5, 5, 5, 5, 4)
n=7, seq=(6, 5, 5, 5, 5, 5, 1)
n=7, seq=(5, 5, 5, 5, 5, 5, 2)
n=7, seq=(6, 5, 5, 5, 5, 3, 3)
n=7, seq=(4, 4, 4, 3, 3, 2, 2)
n=7, seq=(5, 5, 5, 5, 5, 4, 3)
n=7, seq=(6, 5, 4, 4, 4, 3, 2)
n=7, seq=(5, 3, 3, 3, 3, 3, 2)
n=7, seq=(6, 5, 5, 5, 5, 5, 3)
n=7, seq=(6, 5, 5, 4, 4, 3, 3)
n=7, seq=(6, 4, 4, 4, 4, 4, 4)
n=7, seq=(4, 4, 3, 3, 3, 3, 2)
n=7, seq=(5, 5, 5, 5, 5, 5, 4)
n=7, seq=(5, 4, 4, 4, 4, 2, 1)
n=7, seq=(6, 5, 4, 4, 4, 4, 3)
n=7, seq=(6, 5, 5, 5, 5, 4, 4)
n=7, seq=(4, 3, 3, 3, 3, 2, 2)
n=7, seq=(5, 4, 4, 4, 4, 4, 1)
n=7, seq=(5, 5, 5, 5, 4, 3, 3)
n=7, seq=(6, 5, 5, 5, 5, 5, 5)
n=7, seq=(6, 6, 5, 5, 5, 4, 3)
n=7, seq=(6, 5, 5, 4, 4, 4, 4)
n=7, seq=(4, 4, 4, 4, 4, 4, 2)
n=7, seq=(5, 4, 4, 4, 4, 3, 2)
n=8, seq=(5, 5, 5, 5, 5, 5, 2, 2)
n=8, seq=(5, 5, 5, 5, 5, 5, 3, 3)
n=8, seq=(6, 5, 5, 5, 4, 4, 4, 1)
n=8, seq=(6, 5, 5, 5, 5, 5, 5, 4)
n=8, seq=(5, 5, 5, 5, 5, 5, 5, 3)
n=8, seq=(6, 5, 5, 5, 5, 4, 3, 1)
n=8, seq=(6, 6, 6, 5, 5, 5, 4, 1)
n=8, seq=(5, 5, 4, 4, 4, 4, 2, 2)
n=8, seq=(6, 5, 5, 5, 5, 4, 2, 2)
n=8, seq=(6, 6, 6, 5, 5, 5, 5, 2)
n=8, seq=(6, 6, 5, 5, 5, 3, 3, 3)
n=8, seq=(6, 5, 5, 5, 4, 4, 4, 3)
n=8, seq=(6, 6, 6, 5, 5, 5, 3, 2)
n=8, seq=(5, 5, 5, 5, 5, 4, 2, 1)
n=8, seq=(5, 5, 5, 5, 5, 5, 5, 5)
n=8, seq=(6, 5, 5, 5, 5, 4, 3, 3)
n=8, seq=(6, 6, 5, 5, 4, 4, 4, 2)
n=8, seq=(4, 4, 4, 4, 4, 2, 2, 2)
n=8, seq=(5, 5, 4, 4, 3, 3, 3, 3)
n=8, seq=(5, 5, 5, 5, 5, 4, 4, 1)
n=8, seq=(6, 6, 6, 6, 6, 6, 5, 1)
n=8, seq=(6, 6, 6, 5, 5, 5, 5, 4)
n=8, seq=(5, 5, 5, 5, 4, 4, 2, 2)
n=8, seq=(6, 6, 5, 5, 5, 4, 4, 1)
n=8, seq=(5, 5, 5, 5, 4, 4, 3, 1)
n=8, seq=(6, 4, 4, 4, 4, 4, 4, 2)
n=8, seq=(6, 6, 6, 6, 6, 6, 6, 2)
n=8, seq=(6, 6, 5, 5, 4, 4, 4, 4)
n=8, seq=(6, 5, 4, 4, 4, 4, 3, 2)
n=8, seq=(5, 5, 5, 5, 4, 3, 3, 2)
n=8, seq=(4, 4, 3, 3, 3, 3, 3, 3)
n=8, seq=(5, 4, 4, 4, 4, 4, 3, 2)
n=8, seq=(5, 5, 5, 5, 4, 4, 4, 2)
n=8, seq=(6, 4, 4, 4, 4, 4, 3, 3)
n=8, seq=(6, 6, 6, 6, 6, 6, 5, 3)
n=8, seq=(5, 5, 5, 5, 5, 4, 4, 3)
n=8, seq=(6, 6, 6, 5, 4, 4, 4, 3)
n=8, seq=(3, 3, 3, 3, 3, 3, 3, 3)
n=8, seq=(6, 5, 4, 4, 4, 4, 4, 3)
n=8, seq=(6, 6, 5, 5, 5, 4, 4, 3)
n=8, seq=(5, 5, 5, 5, 4, 4, 3, 3)
n=8, seq=(6, 4, 4, 4, 4, 4, 4, 4)
n=8, seq=(6, 6, 6, 6, 6, 6, 6, 4)
n=8, seq=(6, 6, 6, 5, 5, 4, 4, 2)
n=8, seq=(5, 4, 4, 4, 4, 4, 4, 3)
n=8, seq=(6, 5, 5, 4, 4, 4, 3, 3)
n=8, seq=(6, 6, 6, 6, 6, 6, 5, 5)
n=8, seq=(5, 5, 4, 4, 4, 4, 4, 2)
n=8, seq=(6, 5, 5, 5, 5, 4, 4, 2)
n=8, seq=(5, 5, 5, 4, 4, 4, 4, 1)
n=8, seq=(5, 5, 5, 5, 5, 3, 3, 1)
n=8, seq=(6, 6, 5, 5, 5, 5, 4, 2)
n=8, seq=(6, 6, 4, 4, 4, 4, 3, 3)
n=8, seq=(5, 5, 4, 4, 4, 4, 3, 3)
n=8, seq=(5, 4, 4, 4, 3, 3, 3, 2)
n=8, seq=(6, 6, 6, 5, 5, 5, 4, 3)
n=8, seq=(5, 5, 5, 5, 5, 4, 3, 2)
n=8, seq=(5, 5, 4, 4, 4, 4, 4, 4)
n=8, seq=(6, 5, 5, 5, 4, 3, 3, 3)
n=8, seq=(6, 5, 5, 5, 5, 4, 4, 4)
n=8, seq=(5, 5, 5, 4, 4, 4, 4, 3)
n=8, seq=(5, 4, 4, 4, 4, 3, 2, 2)
n=8, seq=(6, 6, 6, 6, 6, 6, 4, 2)
n=8, seq=(5, 5, 5, 5, 5, 3, 3, 3)
n=8, seq=(4, 4, 4, 4, 4, 3, 3, 2)
n=8, seq=(5, 5, 5, 5, 3, 3, 3, 3)
n=8, seq=(5, 4, 4, 4, 4, 3, 3, 3)
n=8, seq=(6, 6, 5, 5, 5, 4, 3, 2)
n=8, seq=(4, 4, 4, 4, 4, 4, 2, 2)
n=8, seq=(6, 6, 6, 6, 6, 6, 3, 3)
n=8, seq=(4, 4, 4, 4, 4, 4, 4, 2)
n=8, seq=(6, 6, 6, 6, 5, 5, 5, 1)
n=8, seq=(6, 6, 5, 5, 5, 5, 3, 1)
n=8, seq=(6, 5, 5, 4, 4, 4, 4, 2)
n=8, seq=(4, 4, 4, 4, 4, 4, 3, 3)
n=8, seq=(5, 5, 5, 5, 4, 4, 4, 4)
n=8, seq=(6, 6, 6, 6, 6, 4, 4, 4)
n=8, seq=(5, 5, 5, 4, 4, 3, 3, 3)
n=8, seq=(6, 6, 5, 5, 5, 5, 5, 1)
n=8, seq=(6, 6, 6, 6, 4, 4, 4, 4)
n=8, seq=(6, 6, 4, 4, 4, 4, 4, 2)
n=8, seq=(6, 6, 6, 6, 5, 5, 4, 2)
n=8, seq=(4, 4, 4, 4, 4, 4, 4, 4)
n=8, seq=(6, 5, 5, 5, 5, 5, 3, 2)
n=8, seq=(6, 5, 5, 5, 5, 5, 4, 1)
n=8, seq=(5, 5, 5, 4, 4, 4, 3, 2)
n=8, seq=(6, 6, 6, 6, 5, 5, 5, 3)
n=8, seq=(6, 6, 6, 5, 5, 4, 3, 3)
n=8, seq=(6, 6, 5, 5, 5, 5, 3, 3)
n=8, seq=(6, 4, 4, 4, 3, 3, 3, 3)
n=8, seq=(6, 5, 5, 4, 4, 4, 4, 4)
n=8, seq=(6, 6, 6, 6, 6, 6, 6, 6)
n=8, seq=(6, 6, 6, 6, 5, 5, 4, 4)
n=8, seq=(6, 6, 6, 5, 5, 4, 4, 4)
n=8, seq=(4, 4, 4, 4, 3, 3, 2, 2)
n=8, seq=(6, 5, 5, 5, 5, 5, 5, 2)
n=8, seq=(6, 6, 5, 5, 5, 5, 5, 3)
n=8, seq=(6, 6, 6, 6, 6, 5, 4, 3)
n=8, seq=(6, 6, 5, 5, 4, 4, 3, 3)
n=8, seq=(6, 6, 6, 6, 6, 5, 5, 2)
n=8, seq=(6, 6, 4, 4, 4, 4, 4, 4)
n=8, seq=(6, 4, 4, 4, 4, 3, 3, 2)
n=8, seq=(4, 4, 4, 4, 3, 3, 3, 3)
n=8, seq=(5, 5, 5, 5, 5, 3, 2, 2)
n=8, seq=(6, 5, 5, 5, 5, 5, 4, 3)
n=8, seq=(6, 6, 6, 6, 5, 5, 5, 5)
n=8, seq=(6, 6, 5, 5, 5, 5, 4, 4)
n=8, seq=(5, 5, 5, 5, 5, 5, 4, 2)
n=8, seq=(6, 5, 4, 4, 4, 3, 3, 3)
n=8, seq=(6, 6, 5, 5, 5, 5, 5, 5)
n=8, seq=(6, 6, 6, 6, 6, 5, 5, 4)
n=8, seq=(6, 5, 5, 5, 4, 4, 3, 2)
n=8, seq=(6, 6, 6, 6, 6, 6, 4, 4)
n=8, seq=(4, 4, 4, 3, 3, 3, 3, 2)
n=8, seq=(5, 5, 5, 5, 5, 5, 4, 4)
n=8, seq=(5, 5, 4, 4, 4, 3, 3, 2)
n=8, seq=(6, 6, 6, 6, 5, 4, 4, 3)
n=8, seq=(6, 5, 5, 5, 5, 5, 2, 1)
n=8, seq=(6, 6, 6, 6, 5, 5, 3, 3)
n=8, seq=(6, 6, 5, 5, 5, 5, 2, 2)
n=8, seq=(6, 6, 5, 4, 4, 4, 4, 3)
n=8, seq=(6, 6, 6, 4, 4, 4, 4, 4)
n=8, seq=(5, 5, 5, 5, 5, 5, 3, 1)
n=8, seq=(5, 5, 5, 5, 5, 5, 1, 1)
n=8, seq=(5, 4, 4, 3, 3, 3, 3, 3)
n=8, seq=(5, 5, 5, 5, 5, 5, 5, 1)
n=8, seq=(6, 5, 5, 5, 5, 3, 3, 2)
n=9, seq=(6, 6, 6, 6, 5, 5, 5, 5, 2)
n=9, seq=(6, 6, 6, 6, 6, 4, 4, 4, 2)
n=9, seq=(6, 6, 6, 5, 5, 5, 3, 3, 3)
n=9, seq=(5, 5, 5, 5, 4, 4, 4, 4, 4)
n=9, seq=(5, 5, 5, 5, 5, 5, 4, 2, 2)
n=9, seq=(6, 6, 6, 6, 5, 5, 5, 4, 3)
n=9, seq=(6, 5, 5, 5, 5, 4, 4, 4, 2)
n=9, seq=(6, 6, 6, 4, 4, 4, 4, 4, 4)
n=9, seq=(6, 6, 6, 6, 6, 6, 6, 2, 2)
n=9, seq=(6, 6, 6, 6, 6, 5, 3, 3, 3)
n=9, seq=(6, 6, 4, 4, 4, 4, 4, 4, 4)
n=9, seq=(6, 6, 6, 6, 5, 5, 5, 5, 4)
n=9, seq=(6, 5, 5, 4, 4, 4, 4, 3, 3)
n=9, seq=(6, 6, 6, 6, 6, 6, 6, 6, 2)
n=9, seq=(6, 6, 6, 6, 6, 4, 4, 4, 4)
n=9, seq=(6, 6, 5, 5, 5, 4, 3, 3, 3)
n=9, seq=(6, 6, 6, 6, 6, 5, 4, 3, 2)
n=9, seq=(6, 5, 5, 5, 5, 4, 4, 4, 4)
n=9, seq=(6, 6, 6, 6, 6, 6, 6, 5, 3)
n=9, seq=(6, 6, 5, 5, 5, 5, 4, 4, 2)
n=9, seq=(6, 6, 6, 6, 5, 5, 4, 4, 4)
n=9, seq=(6, 6, 6, 6, 5, 4, 4, 4, 3)
n=9, seq=(6, 6, 6, 6, 6, 5, 5, 5, 1)
n=9, seq=(6, 6, 6, 6, 6, 6, 6, 6, 4)
n=9, seq=(6, 6, 6, 6, 6, 6, 5, 2, 1)
n=9, seq=(6, 6, 6, 6, 6, 6, 6, 5, 5)
n=9, seq=(6, 6, 6, 6, 6, 5, 5, 4, 2)
n=9, seq=(6, 5, 5, 5, 5, 5, 4, 3, 2)
n=9, seq=(6, 4, 4, 4, 4, 4, 4, 4, 4)
n=9, seq=(6, 6, 5, 5, 5, 5, 4, 4, 4)
n=9, seq=(5, 5, 5, 5, 4, 4, 4, 2, 2)
n=9, seq=(6, 6, 6, 6, 6, 6, 5, 3, 2)
n=9, seq=(6, 6, 6, 6, 6, 6, 6, 6, 6)
n=9, seq=(6, 6, 6, 6, 6, 5, 5, 5, 3)
n=9, seq=(6, 5, 5, 5, 5, 5, 4, 4, 3)
n=9, seq=(6, 5, 5, 5, 5, 4, 4, 2, 2)
n=9, seq=(6, 6, 6, 6, 6, 6, 6, 3, 1)
n=9, seq=(5, 5, 5, 5, 5, 4, 3, 2, 2)
n=9, seq=(6, 6, 6, 6, 6, 5, 5, 4, 4)
n=9, seq=(5, 5, 5, 4, 4, 4, 3, 3, 3)
n=9, seq=(6, 5, 4, 4, 4, 4, 4, 4, 3)
n=9, seq=(5, 5, 5, 5, 5, 5, 5, 5, 2)
n=9, seq=(6, 6, 6, 6, 6, 5, 5, 5, 5)
n=9, seq=(6, 6, 6, 6, 4, 4, 4, 4, 4)
n=9, seq=(5, 4, 4, 4, 4, 4, 3, 3, 3)
n=9, seq=(5, 5, 5, 5, 5, 3, 3, 3, 2)
n=9, seq=(6, 6, 6, 6, 6, 6, 6, 3, 3)
n=9, seq=(6, 5, 5, 5, 5, 4, 4, 3, 3)
n=9, seq=(5, 5, 5, 5, 5, 4, 3, 3, 3)
n=9, seq=(6, 4, 4, 4, 4, 4, 4, 3, 3)
n=9, seq=(6, 6, 5, 5, 5, 5, 5, 3, 2)
n=9, seq=(5, 5, 5, 5, 5, 5, 5, 5, 4)
n=9, seq=(5, 5, 5, 4, 4, 4, 4, 3, 2)
n=9, seq=(6, 6, 6, 5, 5, 5, 5, 5, 1)
n=9, seq=(5, 5, 5, 5, 4, 4, 3, 3, 2)
n=9, seq=(5, 5, 5, 4, 4, 4, 4, 4, 3)
n=9, seq=(6, 6, 5, 5, 5, 5, 5, 5, 2)
n=9, seq=(6, 6, 6, 6, 6, 5, 5, 2, 2)
n=9, seq=(6, 6, 6, 5, 5, 5, 5, 3, 3)
n=9, seq=(4, 4, 4, 4, 4, 3, 3, 3, 3)
n=9, seq=(6, 6, 6, 6, 6, 6, 5, 4, 1)
n=9, seq=(6, 5, 5, 5, 5, 5, 5, 2, 2)
n=9, seq=(6, 6, 5, 5, 5, 5, 3, 3, 2)
n=9, seq=(5, 5, 5, 5, 4, 3, 3, 3, 3)
n=9, seq=(5, 5, 5, 5, 5, 4, 4, 4, 3)
n=9, seq=(6, 6, 6, 5, 5, 5, 4, 3, 2)
n=9, seq=(5, 5, 5, 5, 5, 5, 2, 2, 2)
n=9, seq=(6, 6, 6, 6, 6, 6, 4, 4, 2)
n=9, seq=(6, 6, 6, 5, 5, 5, 5, 5, 3)
n=9, seq=(6, 5, 5, 5, 5, 4, 3, 3, 2)
n=9, seq=(6, 6, 6, 6, 6, 6, 4, 2, 2)
n=9, seq=(6, 6, 5, 5, 5, 5, 5, 5, 4)
n=9, seq=(6, 6, 6, 6, 6, 6, 6, 1, 1)
n=9, seq=(6, 6, 6, 5, 4, 4, 4, 4, 3)
n=9, seq=(6, 6, 6, 6, 6, 6, 5, 4, 3)
n=9, seq=(6, 6, 6, 6, 6, 6, 5, 5, 2)
n=9, seq=(5, 5, 5, 5, 5, 5, 5, 3, 2)
n=9, seq=(6, 5, 5, 5, 4, 4, 4, 3, 2)
n=9, seq=(6, 6, 6, 5, 5, 5, 4, 4, 3)
n=9, seq=(6, 6, 6, 6, 6, 6, 4, 4, 4)
n=9, seq=(6, 6, 6, 5, 5, 5, 5, 5, 5)
n=9, seq=(5, 5, 5, 5, 5, 5, 3, 3, 2)
n=9, seq=(6, 6, 6, 6, 6, 6, 5, 5, 4)
n=9, seq=(5, 5, 5, 5, 5, 5, 5, 4, 3)
n=9, seq=(6, 5, 5, 5, 4, 4, 4, 4, 3)
n=9, seq=(5, 5, 4, 4, 4, 4, 4, 4, 2)
n=9, seq=(6, 6, 6, 5, 5, 5, 5, 4, 2)
n=9, seq=(4, 4, 4, 4, 4, 4, 4, 3, 3)
n=9, seq=(4, 4, 4, 4, 4, 4, 4, 4, 2)
n=9, seq=(6, 6, 6, 6, 5, 5, 5, 4, 1)
n=9, seq=(6, 6, 5, 5, 5, 5, 5, 4, 3)
n=9, seq=(5, 5, 5, 5, 5, 4, 4, 3, 2)
n=9, seq=(6, 6, 5, 5, 4, 4, 4, 3, 3)
n=9, seq=(6, 6, 5, 5, 4, 4, 4, 4, 2)
n=9, seq=(6, 5, 5, 5, 5, 5, 5, 4, 2)
n=9, seq=(6, 6, 6, 6, 6, 6, 4, 3, 1)
n=9, seq=(5, 5, 4, 4, 4, 4, 4, 4, 4)
n=9, seq=(6, 5, 5, 5, 5, 3, 3, 3, 3)
n=9, seq=(6, 5, 5, 4, 4, 4, 4, 4, 2)
n=9, seq=(5, 4, 4, 4, 4, 4, 4, 4, 3)
n=9, seq=(6, 6, 6, 5, 5, 5, 5, 4, 4)
n=9, seq=(4, 4, 4, 4, 4, 4, 4, 4, 4)
n=9, seq=(6, 6, 6, 6, 6, 5, 4, 4, 1)
n=9, seq=(6, 6, 6, 6, 6, 6, 6, 5, 1)
n=9, seq=(6, 6, 5, 5, 5, 4, 4, 3, 2)
n=9, seq=(6, 6, 6, 6, 6, 4, 4, 3, 3)
n=9, seq=(6, 5, 5, 5, 5, 5, 5, 3, 3)
n=9, seq=(5, 5, 5, 5, 5, 5, 4, 3, 3)
n=9, seq=(5, 5, 5, 5, 5, 5, 4, 4, 2)
n=9, seq=(6, 6, 6, 5, 5, 4, 4, 4, 2)
n=9, seq=(6, 5, 5, 5, 4, 4, 3, 3, 3)
n=9, seq=(6, 6, 6, 6, 5, 5, 4, 4, 2)
n=9, seq=(6, 5, 5, 5, 5, 5, 3, 2, 2)
n=9, seq=(6, 6, 6, 6, 6, 6, 6, 4, 2)
n=9, seq=(6, 6, 5, 5, 4, 4, 4, 4, 4)
n=9, seq=(6, 5, 5, 5, 5, 5, 5, 4, 4)
n=9, seq=(6, 6, 6, 6, 6, 6, 4, 3, 3)
n=9, seq=(6, 5, 5, 5, 5, 5, 5, 5, 3)
n=9, seq=(6, 5, 5, 4, 4, 4, 4, 4, 4)
n=9, seq=(6, 6, 6, 5, 5, 4, 4, 3, 3)
n=9, seq=(6, 6, 6, 6, 5, 5, 4, 3, 3)
n=9, seq=(6, 6, 6, 6, 6, 5, 4, 4, 3)
n=9, seq=(6, 5, 5, 5, 5, 5, 3, 3, 3)
n=9, seq=(6, 6, 5, 5, 5, 4, 4, 4, 3)
n=9, seq=(6, 6, 5, 5, 5, 5, 4, 2, 2)
n=9, seq=(5, 5, 5, 5, 5, 5, 4, 4, 4)
n=9, seq=(6, 6, 6, 5, 5, 4, 4, 4, 4)
n=9, seq=(6, 6, 6, 6, 6, 5, 5, 3, 1)
n=9, seq=(6, 6, 6, 6, 6, 6, 6, 4, 4)
n=9, seq=(6, 5, 5, 5, 5, 5, 5, 5, 5)
n=9, seq=(6, 6, 5, 4, 4, 4, 4, 4, 3)
n=9, seq=(6, 6, 6, 5, 5, 5, 5, 2, 2)
n=9, seq=(6, 6, 5, 5, 5, 5, 4, 3, 3)
n=9, seq=(5, 5, 4, 4, 4, 4, 4, 3, 3)
n=9, seq=(5, 5, 5, 5, 4, 4, 4, 4, 2)
n=9, seq=(6, 6, 6, 6, 5, 5, 5, 3, 2)
n=9, seq=(6, 6, 6, 6, 6, 6, 3, 3, 2)
n=9, seq=(5, 5, 5, 5, 4, 4, 4, 3, 3)
n=9, seq=(6, 6, 6, 6, 6, 5, 5, 3, 3)
n=10, seq=(6, 6, 6, 6, 6, 4, 4, 4, 3, 3)
n=10, seq=(5, 5, 5, 5, 5, 5, 5, 5, 4, 2)
n=10, seq=(6, 6, 6, 6, 6, 6, 6, 5, 5, 2)
n=10, seq=(6, 6, 6, 6, 5, 4, 4, 4, 4, 3)
n=10, seq=(5, 5, 5, 5, 5, 5, 5, 5, 4, 4)
n=10, seq=(6, 6, 6, 6, 6, 6, 4, 4, 4, 2)
n=10, seq=(4, 4, 4, 4, 4, 4, 4, 4, 4, 4)
n=10, seq=(6, 6, 6, 6, 6, 6, 6, 5, 5, 4)
n=10, seq=(6, 6, 6, 6, 6, 5, 5, 5, 3, 2)
n=10, seq=(6, 6, 6, 6, 5, 5, 4, 4, 4, 2)
n=10, seq=(6, 6, 6, 5, 5, 5, 5, 5, 3, 2)
n=10, seq=(6, 5, 5, 4, 4, 4, 4, 4, 4, 4)
n=10, seq=(6, 6, 6, 6, 6, 5, 5, 5, 4, 3)
n=10, seq=(5, 5, 5, 5, 5, 5, 4, 4, 3, 3)
n=10, seq=(6, 6, 6, 6, 6, 5, 5, 5, 5, 2)
n=10, seq=(6, 6, 6, 6, 5, 5, 4, 4, 3, 3)
n=10, seq=(6, 6, 6, 6, 6, 6, 6, 4, 2, 2)
n=10, seq=(6, 6, 5, 5, 5, 5, 4, 4, 3, 3)
n=10, seq=(6, 6, 6, 6, 5, 5, 4, 4, 4, 4)
n=10, seq=(6, 5, 5, 5, 5, 5, 4, 4, 4, 3)
n=10, seq=(6, 6, 6, 5, 5, 4, 4, 4, 4, 4)
n=10, seq=(6, 6, 6, 6, 4, 4, 4, 4, 4, 4)
n=10, seq=(6, 6, 6, 6, 6, 5, 4, 4, 3, 2)
n=10, seq=(6, 6, 6, 6, 6, 6, 6, 4, 4, 2)
n=10, seq=(6, 6, 6, 6, 6, 5, 5, 5, 5, 4)
n=10, seq=(6, 6, 6, 6, 5, 5, 5, 5, 5, 3)
n=10, seq=(5, 5, 5, 5, 5, 5, 5, 5, 3, 3)
n=10, seq=(6, 5, 5, 5, 5, 5, 5, 4, 3, 3)
n=10, seq=(6, 5, 5, 5, 5, 5, 5, 4, 4, 2)
n=10, seq=(6, 6, 6, 6, 6, 6, 6, 6, 4, 2)
n=10, seq=(5, 5, 5, 5, 5, 5, 5, 5, 5, 3)
n=10, seq=(5, 5, 5, 5, 4, 4, 4, 4, 4, 4)
n=10, seq=(6, 6, 6, 6, 6, 6, 5, 4, 4, 3)
n=10, seq=(6, 6, 6, 6, 6, 5, 4, 4, 4, 3)
n=10, seq=(6, 6, 6, 6, 6, 6, 4, 4, 2, 2)
n=10, seq=(6, 6, 6, 6, 6, 6, 6, 6, 6, 2)
n=10, seq=(6, 6, 6, 6, 5, 5, 5, 5, 5, 5)
n=10, seq=(6, 5, 5, 5, 5, 5, 5, 4, 4, 4)
n=10, seq=(6, 6, 6, 6, 6, 6, 6, 6, 4, 4)
n=10, seq=(6, 5, 5, 5, 5, 5, 5, 5, 5, 2)
n=10, seq=(5, 5, 5, 5, 5, 5, 4, 4, 4, 2)
n=10, seq=(6, 5, 5, 5, 4, 4, 4, 4, 4, 3)
n=10, seq=(5, 5, 5, 5, 5, 5, 5, 5, 5, 5)
n=10, seq=(6, 6, 6, 6, 6, 5, 4, 3, 3, 3)
n=10, seq=(6, 6, 6, 6, 6, 6, 4, 4, 4, 4)
n=10, seq=(6, 5, 5, 5, 5, 5, 4, 3, 3, 3)
n=10, seq=(6, 6, 6, 6, 6, 6, 6, 3, 3, 2)
n=10, seq=(6, 6, 6, 6, 6, 6, 4, 3, 3, 2)
n=10, seq=(6, 6, 6, 6, 5, 5, 5, 5, 2, 2)
n=10, seq=(5, 5, 5, 4, 4, 4, 4, 4, 4, 3)
n=10, seq=(6, 5, 5, 5, 5, 5, 5, 5, 5, 4)
n=10, seq=(5, 5, 5, 5, 5, 5, 4, 4, 4, 4)
n=10, seq=(5, 5, 4, 4, 4, 4, 4, 4, 4, 4)
n=10, seq=(6, 5, 5, 5, 5, 4, 4, 4, 3, 3)
n=10, seq=(6, 6, 6, 6, 5, 5, 5, 5, 3, 3)
n=10, seq=(6, 6, 6, 6, 6, 6, 5, 3, 2, 2)
n=10, seq=(6, 6, 6, 6, 5, 5, 5, 5, 4, 2)
n=10, seq=(6, 6, 6, 6, 6, 6, 6, 4, 3, 3)
n=10, seq=(6, 6, 5, 5, 5, 5, 4, 4, 4, 4)
n=10, seq=(5, 5, 5, 5, 4, 4, 4, 4, 3, 3)
n=10, seq=(6, 6, 6, 6, 6, 6, 3, 3, 3, 3)
n=10, seq=(6, 6, 6, 6, 6, 6, 6, 6, 2, 2)
n=10, seq=(6, 6, 6, 6, 6, 5, 5, 4, 2, 2)
n=10, seq=(6, 6, 6, 6, 6, 6, 6, 6, 3, 3)
n=10, seq=(6, 6, 5, 5, 5, 5, 5, 4, 4, 3)
n=10, seq=(6, 6, 6, 6, 6, 6, 5, 4, 3, 2)
n=10, seq=(6, 5, 5, 5, 5, 4, 4, 4, 4, 4)
n=10, seq=(6, 6, 6, 6, 5, 5, 5, 5, 4, 4)
n=10, seq=(6, 6, 5, 5, 5, 4, 4, 4, 4, 3)
n=10, seq=(6, 6, 6, 6, 6, 6, 6, 4, 4, 4)
n=10, seq=(6, 6, 6, 6, 6, 5, 5, 4, 4, 2)
n=10, seq=(6, 6, 6, 6, 6, 6, 6, 6, 5, 3)
n=10, seq=(5, 5, 5, 5, 5, 5, 3, 3, 3, 3)
n=10, seq=(6, 6, 6, 6, 5, 5, 5, 3, 3, 3)
n=10, seq=(6, 6, 5, 5, 5, 5, 5, 5, 3, 3)
n=10, seq=(6, 6, 5, 5, 5, 5, 5, 5, 4, 2)
n=10, seq=(6, 6, 6, 6, 6, 6, 5, 5, 2, 2)
n=10, seq=(6, 6, 6, 6, 6, 6, 4, 4, 3, 3)
n=10, seq=(6, 6, 6, 6, 6, 5, 5, 4, 3, 3)
n=10, seq=(6, 6, 6, 6, 6, 6, 6, 2, 2, 2)
n=10, seq=(6, 6, 6, 6, 6, 4, 4, 4, 4, 2)
n=10, seq=(6, 6, 5, 5, 5, 5, 5, 5, 5, 3)
n=10, seq=(6, 6, 6, 6, 6, 6, 5, 5, 4, 2)
n=10, seq=(6, 6, 6, 6, 6, 6, 6, 6, 5, 5)
n=10, seq=(6, 6, 6, 6, 6, 5, 5, 4, 4, 4)
n=10, seq=(6, 6, 6, 6, 6, 6, 6, 6, 6, 4)
n=10, seq=(6, 6, 5, 5, 5, 5, 5, 3, 3, 3)
n=10, seq=(6, 6, 5, 5, 4, 4, 4, 4, 4, 4)
n=10, seq=(6, 6, 5, 5, 5, 5, 5, 5, 4, 4)
n=10, seq=(5, 5, 5, 5, 5, 5, 5, 3, 3, 3)
n=10, seq=(6, 6, 6, 6, 6, 6, 5, 5, 3, 3)
n=10, seq=(6, 6, 6, 6, 5, 5, 5, 4, 4, 3)
n=10, seq=(6, 6, 6, 5, 5, 5, 5, 4, 4, 2)
n=10, seq=(6, 6, 6, 6, 6, 4, 4, 4, 4, 4)
n=10, seq=(6, 6, 5, 5, 5, 5, 5, 5, 5, 5)
n=10, seq=(6, 6, 6, 6, 6, 6, 5, 5, 4, 4)
n=10, seq=(6, 6, 6, 6, 6, 6, 5, 5, 5, 3)
n=10, seq=(6, 6, 6, 6, 6, 6, 6, 6, 6, 6)
n=10, seq=(6, 6, 6, 6, 6, 5, 5, 3, 3, 2)
n=10, seq=(6, 6, 6, 5, 5, 5, 5, 4, 3, 3)
n=10, seq=(6, 6, 6, 6, 6, 6, 5, 3, 3, 3)
n=10, seq=(6, 6, 6, 6, 6, 6, 6, 5, 4, 3)
n=10, seq=(6, 6, 6, 5, 5, 5, 5, 4, 4, 4)
n=10, seq=(6, 6, 6, 6, 6, 6, 5, 5, 5, 5)
n=10, seq=(6, 6, 6, 5, 5, 5, 4, 4, 4, 3)
n=10, seq=(5, 5, 5, 5, 5, 4, 4, 4, 4, 3)
n=10, seq=(6, 6, 6, 5, 5, 5, 5, 5, 4, 3)
n=10, seq=(5, 5, 5, 5, 5, 5, 5, 4, 4, 3)
n=10, seq=(6, 6, 6, 5, 5, 5, 5, 5, 5, 2)
n=10, seq=(6, 6, 6, 6, 5, 5, 5, 4, 3, 2)
n=10, seq=(6, 5, 5, 5, 5, 5, 5, 5, 4, 3)
n=10, seq=(5, 5, 5, 5, 5, 4, 4, 3, 3, 3)
n=10, seq=(6, 6, 6, 6, 6, 6, 6, 5, 3, 2)
n=10, seq=(6, 6, 6, 5, 5, 5, 5, 5, 5, 4)
n=11, seq=(6, 6, 6, 6, 6, 6, 6, 4, 4, 3, 3)
n=11, seq=(6, 6, 6, 6, 6, 6, 5, 5, 4, 4, 2)
n=11, seq=(6, 6, 5, 5, 5, 5, 5, 5, 5, 5, 4)
n=11, seq=(6, 6, 6, 6, 6, 6, 6, 5, 5, 5, 5)
n=11, seq=(6, 6, 6, 6, 6, 6, 6, 6, 5, 5, 4)
n=11, seq=(5, 5, 5, 5, 5, 5, 5, 5, 5, 4, 3)
n=11, seq=(6, 6, 6, 6, 6, 5, 5, 5, 5, 4, 2)
n=11, seq=(6, 6, 6, 6, 6, 6, 6, 6, 6, 4, 2)
n=11, seq=(6, 6, 6, 6, 6, 5, 5, 5, 5, 5, 3)
n=11, seq=(6, 6, 6, 6, 5, 5, 5, 5, 5, 5, 2)
n=11, seq=(6, 6, 6, 6, 6, 6, 6, 4, 4, 4, 4)
n=11, seq=(6, 6, 6, 6, 6, 6, 6, 6, 6, 6, 2)
n=11, seq=(6, 6, 6, 6, 6, 6, 5, 5, 4, 3, 3)
n=11, seq=(6, 6, 6, 6, 6, 6, 5, 4, 3, 3, 3)
n=11, seq=(5, 5, 5, 5, 5, 5, 5, 5, 4, 4, 4)
n=11, seq=(6, 6, 6, 6, 6, 6, 6, 6, 6, 3, 3)
n=11, seq=(6, 6, 6, 6, 6, 5, 5, 5, 5, 3, 3)
n=11, seq=(6, 6, 6, 5, 5, 5, 5, 5, 5, 3, 3)
n=11, seq=(6, 6, 6, 6, 6, 5, 5, 4, 4, 3, 3)
n=11, seq=(6, 6, 6, 6, 5, 5, 5, 5, 5, 4, 3)
n=11, seq=(5, 5, 5, 5, 5, 5, 5, 5, 5, 5, 4)
n=11, seq=(6, 6, 6, 6, 6, 6, 6, 5, 5, 4, 2)
n=11, seq=(6, 6, 6, 6, 6, 6, 5, 5, 4, 4, 4)
n=11, seq=(6, 6, 6, 5, 5, 5, 5, 5, 5, 5, 3)
n=11, seq=(6, 6, 6, 5, 5, 5, 5, 4, 4, 4, 4)
n=11, seq=(6, 5, 5, 5, 5, 5, 5, 5, 5, 5, 3)
n=11, seq=(6, 6, 6, 6, 6, 6, 6, 5, 4, 4, 3)
n=11, seq=(6, 6, 6, 6, 6, 6, 6, 6, 6, 5, 3)
n=11, seq=(6, 6, 6, 6, 6, 6, 5, 5, 5, 5, 2)
n=11, seq=(6, 6, 6, 6, 6, 5, 5, 5, 5, 4, 4)
n=11, seq=(6, 6, 6, 5, 5, 5, 5, 5, 5, 4, 4)
n=11, seq=(6, 6, 6, 6, 6, 6, 6, 6, 6, 4, 4)
n=11, seq=(6, 6, 6, 6, 6, 5, 5, 5, 5, 5, 5)
n=11, seq=(6, 6, 6, 6, 5, 5, 5, 5, 5, 5, 4)
n=11, seq=(6, 6, 6, 6, 6, 6, 6, 6, 6, 6, 4)
n=11, seq=(6, 6, 6, 6, 6, 6, 6, 6, 4, 3, 3)
n=11, seq=(6, 6, 6, 6, 6, 6, 6, 6, 4, 4, 2)
n=11, seq=(6, 6, 6, 6, 6, 6, 4, 4, 4, 3, 3)
n=11, seq=(5, 5, 5, 5, 5, 5, 4, 4, 4, 4, 4)
n=11, seq=(6, 6, 6, 6, 6, 5, 5, 5, 3, 3, 3)
n=11, seq=(6, 6, 6, 6, 6, 6, 6, 5, 5, 5, 3)
n=11, seq=(6, 6, 6, 6, 6, 6, 6, 5, 5, 3, 3)
n=11, seq=(6, 6, 6, 6, 6, 5, 5, 4, 4, 4, 4)
n=11, seq=(6, 6, 6, 6, 6, 4, 4, 4, 4, 4, 4)
n=11, seq=(6, 6, 6, 6, 6, 6, 6, 5, 5, 4, 4)
n=11, seq=(6, 6, 6, 6, 5, 5, 4, 4, 4, 4, 4)
n=11, seq=(6, 6, 6, 5, 5, 5, 5, 5, 5, 5, 5)
n=11, seq=(6, 6, 6, 6, 5, 5, 5, 5, 4, 3, 3)
n=11, seq=(6, 6, 6, 6, 6, 5, 5, 5, 4, 4, 3)
n=11, seq=(6, 6, 6, 5, 5, 5, 5, 5, 4, 4, 3)
n=11, seq=(6, 6, 6, 6, 5, 5, 5, 5, 4, 4, 4)
n=11, seq=(6, 6, 5, 5, 5, 5, 5, 5, 4, 4, 4)
n=11, seq=(6, 6, 6, 6, 6, 6, 6, 6, 5, 5, 2)
n=11, seq=(6, 5, 5, 5, 5, 5, 5, 5, 5, 4, 4)
n=11, seq=(6, 6, 6, 6, 6, 6, 5, 5, 5, 4, 3)
n=11, seq=(6, 6, 6, 6, 6, 6, 4, 4, 4, 4, 4)
n=11, seq=(6, 5, 5, 5, 5, 5, 5, 5, 5, 5, 5)
n=11, seq=(6, 6, 6, 6, 6, 6, 5, 5, 5, 5, 4)
n=11, seq=(6, 6, 6, 6, 6, 5, 4, 4, 4, 4, 3)
n=11, seq=(6, 6, 6, 6, 6, 6, 5, 4, 4, 4, 3)
n=11, seq=(6, 6, 5, 5, 5, 5, 5, 5, 5, 4, 3)
n=11, seq=(6, 6, 6, 6, 5, 5, 5, 4, 4, 4, 3)
n=11, seq=(6, 6, 6, 6, 6, 6, 6, 6, 6, 5, 5)
n=11, seq=(6, 6, 6, 6, 6, 6, 6, 4, 4, 4, 2)
n=11, seq=(6, 5, 5, 5, 5, 5, 5, 4, 4, 4, 4)
n=11, seq=(6, 6, 6, 6, 6, 6, 6, 6, 6, 6, 6)
n=11, seq=(6, 6, 6, 6, 6, 6, 6, 6, 5, 4, 3)
n=11, seq=(6, 6, 6, 6, 6, 6, 6, 3, 3, 3, 3)
n=11, seq=(6, 6, 6, 6, 6, 6, 6, 6, 4, 4, 4)
n=11, seq=(6, 6, 6, 6, 6, 6, 6, 5, 3, 3, 3)
n=12, seq=(6, 6, 6, 6, 6, 6, 6, 6, 5, 5, 5, 3)
n=12, seq=(6, 6, 6, 6, 6, 6, 5, 5, 4, 4, 4, 4)
n=12, seq=(6, 6, 6, 6, 6, 6, 6, 5, 5, 5, 4, 3)
n=12, seq=(6, 6, 6, 6, 6, 6, 6, 6, 5, 5, 4, 4)
n=12, seq=(6, 6, 6, 6, 6, 6, 5, 5, 5, 5, 5, 5)
n=12, seq=(6, 6, 6, 6, 6, 6, 6, 6, 6, 6, 6, 4)
n=12, seq=(6, 6, 6, 6, 6, 6, 6, 6, 6, 5, 4, 3)
n=12, seq=(6, 6, 6, 6, 6, 6, 6, 4, 4, 4, 4, 4)
n=12, seq=(6, 6, 6, 6, 6, 6, 6, 5, 5, 5, 5, 4)
n=12, seq=(6, 6, 6, 6, 6, 6, 6, 6, 6, 6, 5, 5)
n=12, seq=(6, 6, 6, 6, 6, 6, 6, 6, 5, 5, 5, 5)
n=12, seq=(6, 6, 6, 6, 5, 5, 5, 5, 5, 5, 4, 4)
n=12, seq=(6, 6, 6, 6, 6, 6, 6, 6, 6, 5, 5, 4)
n=12, seq=(6, 6, 6, 6, 6, 5, 5, 5, 5, 5, 5, 4)
n=12, seq=(6, 6, 6, 6, 6, 6, 6, 6, 6, 6, 6, 6)
n=12, seq=(6, 6, 6, 6, 6, 6, 5, 5, 5, 5, 4, 4)
n=12, seq=(6, 6, 6, 6, 5, 5, 5, 5, 5, 5, 5, 5)
n=12, seq=(6, 6, 6, 6, 6, 6, 6, 6, 4, 4, 4, 4)
n=12, seq=(6, 6, 6, 5, 5, 5, 5, 5, 5, 5, 5, 4)
n=12, seq=(6, 6, 6, 6, 6, 6, 6, 5, 5, 4, 4, 4)
n=12, seq=(6, 6, 6, 6, 6, 5, 5, 5, 5, 4, 4, 4)
n=12, seq=(6, 6, 6, 6, 6, 6, 6, 6, 6, 6, 6, 2)
n=12, seq=(6, 6, 6, 6, 6, 6, 5, 5, 5, 5, 5, 3)
n=12, seq=(6, 6, 5, 5, 5, 5, 5, 5, 5, 5, 5, 5)
n=12, seq=(5, 5, 5, 5, 5, 5, 5, 5, 5, 5, 5, 5)
n=12, seq=(6, 6, 6, 6, 6, 6, 6, 6, 6, 6, 3, 3)
n=12, seq=(6, 6, 6, 6, 6, 6, 6, 6, 6, 6, 4, 4)
n=12, seq=(6, 6, 6, 6, 6, 6, 6, 6, 6, 6, 5, 3)
n=12, seq=(6, 6, 6, 6, 6, 6, 6, 6, 6, 4, 4, 4)
n=13, seq=(6, 6, 6, 6, 6, 6, 6, 6, 6, 6, 6, 4, 4)
n=13, seq=(6, 6, 6, 6, 6, 6, 6, 6, 6, 5, 5, 5, 5)
n=13, seq=(6, 6, 6, 6, 6, 6, 6, 6, 6, 6, 6, 6, 4)
n=13, seq=(6, 6, 6, 6, 6, 6, 6, 5, 5, 5, 5, 5, 5)
n=13, seq=(6, 6, 6, 6, 6, 6, 6, 6, 6, 6, 6, 6, 6)
n=13, seq=(6, 6, 6, 6, 6, 6, 6, 6, 6, 6, 5, 5, 4)
n=13, seq=(6, 6, 6, 6, 6, 6, 6, 6, 6, 6, 6, 5, 5)
n=14, seq=(6, 6, 6, 6, 6, 6, 6, 6, 6, 6, 6, 6, 6, 6)
